MIL-STD-188-110D Appendix D, Table D-XIX (document page 169, PDF page 174).
Transcribed by eye from a 300 dpi render of the page image (independent
transcriber A).

TABLE D-XIX.  Count Synchronization preamble.
int cntPN[256] =
{5,5,2,2,0,2,5,6,7,1,3,5,1,5,6,5,3,7,0,4,0,3,3,2,1,3,0,3,1,6,2,6,
 0,6,4,1,2,5,6,3,5,3,7,4,2,6,7,3,0,2,0,1,7,5,0,6,1,5,0,3,2,2,5,2,
 5,2,3,4,2,7,6,1,1,5,2,1,5,4,0,3,5,5,0,3,1,4,0,5,0,3,0,6,0,0,3,1,
 6,1,4,4,7,7,0,5,7,0,1,5,1,0,1,3,1,5,0,7,1,2,2,2,7,1,2,5,0,3,3,2,
 2,0,4,5,1,3,1,3,5,3,1,7,5,2,7,1,3,1,5,6,2,4,6,0,6,1,0,0,3,6,2,7,
 3,2,4,7,6,4,1,3,6,6,0,3,0,0,7,5,4,5,1,2,1,5,0,3,1,0,4,6,6,1,0,5,
 2,6,3,2,7,4,2,4,0,1,7,0,7,0,5,1,4,5,7,2,0,4,4,3,5,2,7,7,4,5,1,4,
 4,6,3,3,0,5,1,5,5,4,3,2,0,3,0,4,7,4,5,1,5,5,7,7,6,2,4,3,5,2,2,4};
